506
1 -7 0
2 10 -6
3 1 1
4 -5 -3
5 2 5
6 -8 2
7 -10 -8
8 0 5
9 0 8
10 -8 3
11 3 0
12 3 -2
13 1 -2
14 -2 2
15 10 9
16 4 10
17 -2 10
18 2 -9
19 -10 5
20 -9 8
21 10 -8
22 2 -7
23 1 6
24 10 -3
25 3 -1
26 4 -2
27 -9 -6
28 7 -2
29 -8 5
30 -3 -8
31 -5 -8
32 3 2
33 -8 3
34 -8 0
35 3 -1
36 -9 2
37 -10 -5
38 -7 -3
39 -9 -5
40 -1 4
41 -5 -8
42 9 -2
43 7 5
44 5 -7
45 8 -9
46 -10 6
47 6 -7
48 -5 -10
49 7 2
50 9 -10
51 -3 -3
52 -6 -1
53 -5 -8
54 3 -3
55 -2 -3
56 -10 -10
57 9 1
58 -1 -6
59 7 10
60 6 -9
61 -7 4
62 10 8
63 2 -9
64 -4 -10
65 -2 -2
66 -4 0
67 6 -5
68 5 -8
69 6 -9
70 -6 6
71 -6 0
72 10 6
73 10 -1
74 6 3
75 0 10
76 -6 4
77 8 8
78 -8 -5
79 -5 5
80 5 0
81 10 -4
82 3 -9
83 -10 -5
84 10 10
85 -9 1
86 -10 10
87 5 -10
88 3 5
89 10 -8
90 -7 -6
91 4 9
92 -1 -7
93 7 -8
94 10 7
95 -8 6
96 2 1
97 -4 8
98 -1 -5
99 5 9
100 279 65
101 475 53
102 303 44
103 206 23
104 274 64
105 294 35
106 255 41
107 251 58
108 449 89
109 313 57
110 364 72
111 409 3
112 456 54
113 373 71
114 489 45
115 320 0
116 461 62
117 326 73
118 450 36
119 250 82
120 381 65
121 282 50
122 418 6
123 443 26
124 297 91
125 373 26
126 244 65
127 429 42
128 480 71
129 406 18
130 217 2
131 379 9
132 439 35
133 490 93
134 449 37
135 220 25
136 333 42
137 379 61
138 219 77
139 423 64
140 473 54
141 241 43
142 456 31
143 289 100
144 455 41
145 334 13
146 414 54
147 245 35
148 213 100
149 237 58
150 228 73
151 321 63
152 478 73
153 447 94
154 271 61
155 475 71
156 307 64
157 346 12
158 401 88
159 281 28
160 291 12
161 334 9
162 278 11
163 499 82
164 482 95
165 424 68
166 218 88
167 290 34
168 329 72
169 285 78
170 468 71
171 475 54
172 446 55
173 323 99
174 467 65
175 320 46
176 228 53
177 471 87
178 235 72
179 285 65
180 453 32
181 373 25
182 485 7
183 440 94
184 449 19
185 359 31
186 333 58
187 330 11
188 300 34
189 486 19
190 263 10
191 422 80
192 240 86
193 326 31
194 278 59
195 270 45
196 214 20
197 446 44
198 215 26
199 466 78
200 144 47
201 160 45
202 153 52
203 149 52
204 157 49
205 150 43
206 148 41
207 157 42
208 152 41
209 142 47
210 154 60
211 148 51
212 149 46
213 158 49
214 140 42
215 155 59
216 158 45
217 148 57
218 152 46
219 156 54
220 148 41
221 141 41
222 158 53
223 149 59
224 151 46
225 155 45
226 148 56
227 146 44
228 151 40
229 156 55
230 157 44
231 151 44
232 156 60
233 149 47
234 148 58
235 141 42
236 156 51
237 150 57
238 144 41
239 141 47
240 160 49
241 159 57
242 151 58
243 159 41
244 145 51
245 148 45
246 155 46
247 149 45
248 145 58
249 160 46
250 154 56
251 142 56
252 146 45
253 143 57
254 151 56
255 150 58
256 148 41
257 145 52
258 147 41
259 159 52
260 143 54
261 142 55
262 151 51
263 154 58
264 150 51
265 148 60
266 142 58
267 154 53
268 148 57
269 157 53
270 143 47
271 160 50
272 157 47
273 144 41
274 159 46
275 140 55
276 152 42
277 150 56
278 158 41
279 147 54
280 144 53
281 155 56
282 158 57
283 147 46
284 150 55
285 160 43
286 149 60
287 158 40
288 150 41
289 144 51
290 151 55
291 145 58
292 152 43
293 151 55
294 146 47
295 145 52
296 147 45
297 155 55
298 142 54
299 156 51
300 1450 -244
301 1294 -332
302 1139 -389
303 1032 -295
304 1347 -272
305 1031 -326
306 1381 -346
307 1383 -377
308 1298 -307
309 1167 -263
310 1350 -315
311 1372 -378
312 1488 -370
313 1340 -310
314 1469 -232
315 1222 -262
316 1130 -373
317 1249 -209
318 1282 -332
319 1085 -377
320 1202 -222
321 1176 -262
322 1141 -371
323 1156 -377
324 1275 -359
325 1107 -313
326 1455 -372
327 1368 -242
328 1242 -323
329 1449 -250
330 1052 -276
331 1000 -327
332 1362 -216
333 1036 -383
334 1025 -284
335 1189 -308
336 1468 -292
337 1212 -286
338 1006 -298
339 1339 -280
340 1188 -385
341 1155 -327
342 1163 -225
343 1485 -372
344 1190 -358
345 1459 -351
346 1439 -200
347 1245 -255
348 1346 -215
349 1499 -400
350 1399 -326
351 1416 -301
352 1372 -224
353 1261 -310
354 1411 -307
355 1046 -311
356 1125 -399
357 1459 -321
358 1255 -341
359 1230 -238
360 1215 -380
361 1315 -331
362 1434 -374
363 1155 -319
364 1153 -266
365 1104 -393
366 1247 -226
367 1184 -322
368 1437 -379
369 1175 -347
370 1272 -276
371 1213 -247
372 1274 -332
373 1296 -365
374 1152 -374
375 1455 -264
376 1032 -289
377 1207 -264
378 1234 -374
379 1166 -213
380 1472 -278
381 1384 -323
382 1122 -338
383 1378 -285
384 1131 -313
385 1124 -231
386 1192 -297
387 1277 -289
388 1415 -229
389 1277 -284
390 1328 -274
391 1374 -201
392 1005 -359
393 1345 -356
394 1312 -262
395 1500 -351
396 1239 -274
397 1005 -231
398 1236 -323
399 1126 -223
400 231 881
401 405 915
402 416 932
403 327 836
404 224 842
405 428 851
406 294 954
407 330 890
408 412 890
409 325 963
410 292 803
411 338 983
412 225 946
413 335 816
414 373 957
415 397 933
416 500 885
417 248 978
418 236 921
419 411 929
420 271 929
421 224 983
422 263 883
423 242 941
424 311 876
425 402 898
426 500 996
427 450 909
428 399 861
429 351 800
430 309 862
431 273 972
432 231 857
433 371 912
434 415 934
435 201 993
436 315 905
437 203 927
438 401 970
439 373 980
440 252 800
441 329 848
442 488 950
443 307 961
444 464 886
445 389 827
446 365 929
447 353 955
448 444 992
449 249 954
450 242 825
451 317 931
452 416 963
453 247 832
454 256 803
455 318 854
456 499 973
457 307 803
458 211 808
459 412 997
460 237 809
461 429 963
462 253 965
463 348 831
464 474 977
465 322 883
466 357 898
467 402 950
468 436 944
469 219 805
470 405 878
471 488 954
472 444 861
473 431 811
474 458 938
475 262 893
476 327 873
477 305 806
478 383 867
479 375 872
480 321 943
481 268 860
482 450 963
483 453 963
484 417 826
485 385 914
486 358 985
487 272 948
488 352 801
489 218 967
490 382 861
491 230 805
492 233 909
493 230 856
494 470 802
495 373 813
496 438 862
497 313 831
498 426 927
499 289 979
500 229 934
501 1200 1000
502 1000 800
503 700 650
504 40 450
505 200 -400
506 400 -350
10000